-1.577909912354596E+07,-1.670313979607089E+08,-2.563253491425713E+08, 0.000000000000000E+00, 2.075758222820900E+01,-9.188393504836093E-01, 0.000000000000000E+00,
-1.499678169366073E+07,-1.505569372378358E+08,-2.566702412051436E+08, 0.000000000000000E+00, 2.135744203559083E+01, 5.079570832592782E-02,-0.000000000000000E+00,
-1.421446426377550E+07,-1.336187500894546E+08,-2.562233300831649E+08, 0.000000000000000E+00, 2.194210076060904E+01, 1.106909626922530E+00,-0.000000000000000E+00,
-1.343214683389027E+07,-1.162312990811891E+08,-2.549133073183939E+08, 0.000000000000000E+00, 2.250468994155290E+01, 2.259023006890191E+00,-0.000000000000000E+00,
-1.264982940400504E+07,-9.841518163422681E+07,-2.526609927774125E+08, 0.000000000000000E+00, 2.303630721620924E+01, 3.517745732214515E+00,-0.000000000000000E+00,
-1.186751197411981E+07,-8.019894442677198E+07,-2.493784752683712E+08, 0.000000000000000E+00, 2.352542009935435E+01, 4.894783720678018E+00,-0.000000000000000E+00,
-1.108519454423458E+07,-6.162142891354896E+07,-2.449682819826515E+08, 0.000000000000000E+00, 2.395709808197720E+01, 6.402849091532344E+00,-0.000000000000000E+00,
-1.030287711434935E+07,-4.273479732683739E+07,-2.393226784041698E+08, 0.000000000000000E+00, 2.431203449716719E+01, 8.055401417922104E+00,-0.000000000000000E+00,
-9.520559684464115E+06,-2.360841759354299E+07,-2.323232722417263E+08, 0.000000000000000E+00, 2.456532429056504E+01, 9.866105729246839E+00,-0.000000000000000E+00,
-8.738242254578884E+06,-4.333804987255057E+06,-2.238412069988740E+08,-0.000000000000000E+00, 2.468498617017780E+01, 1.184783149048583E+01, 0.000000000000000E+00,
-7.955924824693653E+06, 1.496919240315413E+07,-2.137383997374131E+08,-0.000000000000000E+00, 2.463027639758300E+01, 1.401093266276395E+01, 0.000000000000000E+00,
-7.173607394808423E+06, 3.414485834028636E+07,-2.018705200412758E+08,-0.000000000000000E+00, 2.434996922495292E+01, 1.636044735080766E+01, 0.000000000000000E+00,
-6.391289964923192E+06, 5.299284080573917E+07,-1.880927277224421E+08,-0.000000000000000E+00, 2.378102539993996E+01, 1.889176574454284E+01, 0.000000000000000E+00,
-5.608972535037961E+06, 7.125875208254524E+07,-1.722695482631831E+08,-0.000000000000000E+00, 2.284849485049376E+01, 2.158432114999947E+01, 0.000000000000000E+00,
-4.826655105152730E+06, 8.862563272212811E+07,-1.542905279914435E+08,-0.000000000000000E+00, 2.146812966742570E+01, 2.439314648520999E+01, 0.000000000000000E+00,
-4.044337675267500E+06, 1.047092125760528E+08,-1.340931384045833E+08,-0.000000000000000E+00, 1.955389111324223E+01, 2.723902798314746E+01, 0.000000000000000E+00,
-3.262020245382269E+06, 1.190617722322982E+08,-1.116931725559701E+08,-0.000000000000000E+00, 1.703279904835167E+01, 2.999984069903995E+01, 0.000000000000000E+00,
-2.479702815497038E+06, 1.311909580269773E+08,-8.721980844560139E+07,-0.000000000000000E+00, 1.386824494831381E+01, 3.250841921526792E+01, 0.000000000000000E+00,
-1.697385385611807E+06, 1.405993053918793E+08,-6.094730881976456E+07,-0.000000000000000E+00, 1.008852892817068E+01, 3.456462043318937E+01, 0.000000000000000E+00,
-9.150679557265765E+05, 1.468449588071608E+08,-3.330946075137210E+07,-0.000000000000000E+00, 5.810134904568066E+00, 3.596816197989587E+01, 0.000000000000000E+00,
-1.327505258413457E+05, 1.496133257856734E+08,-4.875654343049037E+06, 0.000000000000000E+00, 1.238419180741957E+00, 3.660974639587080E+01, 0.000000000000000E+00,

