-1.577909912354596E+07,-1.417975051430350E+08,-2.757606331390510E+08, 0.000000000000000E+00, 2.030931280379788E+01, 1.008979416441492E+00, 0.000000000000000E+00,
-1.482074202053555E+07,-1.220485853663998E+08,-2.742123835392484E+08,-0.000000000000000E+00, 2.089967323803671E+01, 2.240971487146384E+00, 0.000000000000000E+00,
-1.395674202053555E+07,-1.037722470182074E+08,-2.717593974141726E+08,-0.000000000000000E+00, 2.140097567603298E+01, 3.454409189015231E+00, 0.000000000000000E+00,
-1.309274202053555E+07,-8.507907420023711E+07,-2.682118672635839E+08,-0.000000000000000E+00, 2.186268475830104E+01, 4.776557388886286E+00, 0.000000000000000E+00,
-1.222874202053555E+07,-6.600861404584299E+07,-2.634707234472441E+08,-0.000000000000000E+00, 2.227188370965189E+01, 6.219516262845047E+00, 0.000000000000000E+00,
-1.136474202053555E+07,-4.661316233507703E+07,-2.574259589974343E+08,-0.000000000000000E+00, 2.261180865194071E+01, 7.796476236503330E+00, 0.000000000000000E+00,
-1.050074202053555E+07,-2.696156868435310E+07,-2.499557902373307E+08,-0.000000000000000E+00, 2.286068521119568E+01, 9.521439049799219E+00, 0.000000000000000E+00,
-9.636742020535554E+06,-7.144182520292961E+06,-2.409261888247774E+08,-0.000000000000000E+00, 2.299024268356703E+01, 1.140860752986525E+01, 0.000000000000000E+00,
-8.772742020535554E+06, 1.272076350231386E+07,-2.301911612242593E+08,-0.000000000000000E+00, 2.296387003485631E+01, 1.347121920611794E+01, 0.000000000000000E+00,
-7.908742020535554E+06, 3.247902901156602E+07,-2.175943961183296E+08, 0.000000000000000E+00, 2.273444427889231E+01, 1.571947562266136E+01, 0.000000000000000E+00,
-7.044742020535554E+06, 5.193028375680788E+07,-2.029732690220922E+08, 0.000000000000000E+00, 2.224202396103301E+01, 1.815705636640840E+01, 0.000000000000000E+00,
-6.180742020535554E+06, 7.081614882954282E+07,-1.861667107179589E+08, 0.000000000000000E+00, 2.141194335123554E+01, 2.077553580110062E+01, 0.000000000000000E+00,
-5.316742020535554E+06, 8.880715676661163E+07,-1.670290775260677E+08, 0.000000000000000E+00, 2.015448630786135E+01, 2.354595883793325E+01, 0.000000000000000E+00,
-4.452742020535554E+06, 1.054908654999685E+08,-1.454526993622257E+08, 0.000000000000000E+00, 1.836836050511427E+01, 2.640718269022249E+01, 0.000000000000000E+00,
-3.588742020535554E+06, 1.203658398637336E+08,-1.214016341351586E+08, 0.000000000000000E+00, 1.595149137029716E+01, 2.925195416624289E+01, 0.000000000000000E+00,
-2.724742020535554E+06, 1.328496481548574E+08,-9.495710147401428E+07, 0.000000000000000E+00, 1.282331699979870E+01, 3.191487065183332E+01, 0.000000000000000E+00,
-1.860742020535554E+06, 1.423119781963380E+08,-6.636936535085076E+07, 0.000000000000000E+00, 8.960481840439966E+00, 3.417151391815411E+01, 0.000000000000000E+00,
-9.967420205355544E+05, 1.481424776422021E+08,-3.610057616195219E+07, 0.000000000000000E+00, 4.439284167052024E+00, 3.576280642491040E+01, 0.000000000000000E+00,
-1.327420205355544E+05, 1.498497805733337E+08,-4.826469632433647E+06, 0.000000000000000E+00,-5.480346244914225E-01, 3.649412297712553E+01, 0.000000000000000E+00,
-1.296000000000000E+05, 1.498480287373192E+08,-4.711801211310117E+06, 0.000000000000000E+00,-5.670718710379777E-01, 3.649612835017854E+01, 0.000000000000000E+00,
-8.640000000000000E+04, 1.498178155387067E+08,-3.134465467446828E+06, 0.000000000000000E+00,-8.335400041772783E-01, 3.653186760116061E+01, 0.000000000000000E+00,
-4.320000000000000E+04, 1.497756239495431E+08,-1.554860742405220E+06, 0.000000000000000E+00,-1.130908406621534E+00, 3.661213008388650E+01, 0.000000000000000E+00,
 3.692430690846514E-30, 1.497149513929164E+08, 3.133086845422356E+04, 0.000000000000000E+00,-1.878612953385673E+00, 3.679579904057441E+01, 0.000000000000000E+00,
 4.320000000000000E+04, 1.496169964056173E+08, 1.610491158342883E+06, 0.000000000000000E+00,-2.469485255121882E+00, 3.639042677171866E+01, 0.000000000000000E+00,
 8.640000000000000E+04, 1.495047704542945E+08, 3.180205797539103E+06, 0.000000000000000E+00,-2.723897963858758E+00, 3.629928471591541E+01, 0.000000000000000E+00,
 1.296000000000000E+05, 1.493816668941308E+08, 4.747443807982483E+06, 0.000000000000000E+00,-2.975635863600561E+00, 3.626163251607657E+01, 0.000000000000000E+00,
 1.327528222858618E+05, 1.493722561718537E+08, 4.861766996523772E+06, 0.000000000000000E+00,-2.994078781090346E+00, 3.625955188084226E+01, 0.000000000000000E+00,
 9.967528222858618E+05, 1.445809808892895E+08, 3.592504049932765E+07, 0.000000000000000E+00,-8.084505807595249E+00, 3.549727276852568E+01, 0.000000000000000E+00,
 1.860752822285862E+06, 1.354869696915153E+08, 6.590892359918554E+07, 0.000000000000000E+00,-1.288778039059060E+01, 3.374964231302687E+01, 0.000000000000000E+00,
 2.724752822285862E+06, 1.224876894595235E+08, 9.399961997007849E+07, 0.000000000000000E+00,-1.708172260546325E+01, 3.115537013596104E+01, 0.000000000000000E+00,
 3.588752822285862E+06, 1.061999301413076E+08, 1.195808532656747E+08, 0.000000000000000E+00,-2.048125940403695E+01, 2.799000078342300E+01, 0.000000000000000E+00,
 4.452752822285862E+06, 8.733917939806177E+07, 1.422850449192388E+08, 0.000000000000000E+00,-2.304022064693466E+01, 2.454054780979371E+01, 0.000000000000000E+00,
 5.316752822285862E+06, 6.661216527988962E+07, 1.619743102773740E+08, 0.000000000000000E+00,-2.481719409165263E+01, 2.104478821151818E+01, 0.000000000000000E+00,
 6.180752822285862E+06, 4.464742616054983E+07, 1.786854112167853E+08, 0.000000000000000E+00,-2.592671378280196E+01, 1.766815325052968E+01, 0.000000000000000E+00,
 7.044752822285862E+06, 2.196540045187517E+07, 1.925677702024816E+08, 0.000000000000000E+00,-2.649911107997492E+01, 1.450817343599621E+01, 0.000000000000000E+00,
 7.908752822285862E+06,-1.023705617185877E+06, 2.038315119273839E+08, 0.000000000000000E+00,-2.665650703697697E+01, 1.161088676893674E+01, 0.000000000000000E+00,
 8.772752822285862E+06,-2.400752851102247E+07, 2.127107009331611E+08, 0.000000000000000E+00,-2.650237939889058E+01, 8.988362943093137E+00, 0.000000000000000E+00,
 9.636752822285862E+06,-4.675410204699068E+07, 2.194403487474485E+08, 0.000000000000000E+00,-2.611943966391155E+01, 6.632680057038457E+00, 0.000000000000000E+00,
 1.050075282228586E+07,-6.909455247847868E+07, 2.242435913572017E+08, 0.000000000000000E+00,-2.557150750743307E+01, 4.525539613101552E+00, 0.000000000000000E+00,
 1.136475282228586E+07,-9.090814433461920E+07, 2.273255407071408E+08, 0.000000000000000E+00,-2.490676945352612E+01, 2.644276951164923E+00, 0.000000000000000E+00,
 1.222875282228586E+07,-1.121102378475559E+08, 2.288711615904803E+08, 0.000000000000000E+00,-2.416112295234409E+01, 9.653409050976952E-01, 0.000000000000000E+00,
 1.309275282228586E+07,-1.326429667503542E+08, 2.290453985533629E+08, 0.000000000000000E+00,-2.336108395579907E+01,-5.338480469540633E-01, 0.000000000000000E+00,
 1.395675282228586E+07,-1.524681839173401E+08, 2.279944489119033E+08, 0.000000000000000E+00,-2.252612555398663E+01,-1.874016299501706E+00, 0.000000000000000E+00,
 1.482075282228586E+07,-1.715621912834646E+08, 2.258475325107077E+08, 0.000000000000000E+00,-2.167048220666248E+01,-3.073714544706423E+00, 0.000000000000000E+00,
 1.577909912354596E+07,-1.918701841702331E+08, 2.223220987148185E+08, 0.000000000000000E+00,-2.070966371281921E+01,-4.259859108744392E+00, 0.000000000000000E+00,
