-1.577909912354596E+07,-1.417975051430350E+08,-2.757606331390510E+08, 0.000000000000000E+00, 2.030931280379788E+01, 1.008979416441492E+00, 0.000000000000000E+00,
-1.482074202053555E+07,-1.220485853663998E+08,-2.742123835392484E+08,-0.000000000000000E+00, 2.089967323803671E+01, 2.240971487146384E+00, 0.000000000000000E+00,
-1.395674202053555E+07,-1.037722470182074E+08,-2.717593974141726E+08,-0.000000000000000E+00, 2.140097567603298E+01, 3.454409189015231E+00, 0.000000000000000E+00,
-1.309274202053555E+07,-8.507907420023711E+07,-2.682118672635839E+08,-0.000000000000000E+00, 2.186268475830104E+01, 4.776557388886286E+00, 0.000000000000000E+00,
-1.222874202053555E+07,-6.600861404584299E+07,-2.634707234472441E+08,-0.000000000000000E+00, 2.227188370965189E+01, 6.219516262845047E+00, 0.000000000000000E+00,
-1.136474202053555E+07,-4.661316233507703E+07,-2.574259589974343E+08,-0.000000000000000E+00, 2.261180865194071E+01, 7.796476236503330E+00, 0.000000000000000E+00,
-1.050074202053555E+07,-2.696156868435310E+07,-2.499557902373307E+08,-0.000000000000000E+00, 2.286068521119568E+01, 9.521439049799219E+00, 0.000000000000000E+00,
-9.636742020535554E+06,-7.144182520292961E+06,-2.409261888247774E+08,-0.000000000000000E+00, 2.299024268356703E+01, 1.140860752986525E+01, 0.000000000000000E+00,
-8.772742020535554E+06, 1.272076350231386E+07,-2.301911612242593E+08,-0.000000000000000E+00, 2.296387003485631E+01, 1.347121920611794E+01, 0.000000000000000E+00,
-7.908742020535554E+06, 3.247902901156602E+07,-2.175943961183296E+08, 0.000000000000000E+00, 2.273444427889231E+01, 1.571947562266136E+01, 0.000000000000000E+00,
-7.044742020535554E+06, 5.193028375680788E+07,-2.029732690220922E+08, 0.000000000000000E+00, 2.224202396103301E+01, 1.815705636640840E+01, 0.000000000000000E+00,
-6.180742020535554E+06, 7.081614882954282E+07,-1.861667107179589E+08, 0.000000000000000E+00, 2.141194335123554E+01, 2.077553580110062E+01, 0.000000000000000E+00,
-5.316742020535554E+06, 8.880715676661163E+07,-1.670290775260677E+08, 0.000000000000000E+00, 2.015448630786135E+01, 2.354595883793325E+01, 0.000000000000000E+00,
-4.452742020535554E+06, 1.054908654999685E+08,-1.454526993622257E+08, 0.000000000000000E+00, 1.836836050511427E+01, 2.640718269022249E+01, 0.000000000000000E+00,
-3.588742020535554E+06, 1.203658398637336E+08,-1.214016341351586E+08, 0.000000000000000E+00, 1.595149137029716E+01, 2.925195416624289E+01, 0.000000000000000E+00,
-2.724742020535554E+06, 1.328496481548574E+08,-9.495710147401428E+07, 0.000000000000000E+00, 1.282331699979870E+01, 3.191487065183332E+01, 0.000000000000000E+00,
-1.860742020535554E+06, 1.423119781963380E+08,-6.636936535085076E+07, 0.000000000000000E+00, 8.960481840439966E+00, 3.417151391815411E+01, 0.000000000000000E+00,
-9.967420205355544E+05, 1.481424776422021E+08,-3.610057616195219E+07, 0.000000000000000E+00, 4.439284167052024E+00, 3.576280642491040E+01, 0.000000000000000E+00,
-1.327420205355544E+05, 1.498497805733337E+08,-4.826469632433647E+06, 0.000000000000000E+00,-5.480346244914225E-01, 3.649412297712553E+01, 0.000000000000000E+00,
