-1.577909912354596E+07,-1.627690854467032E+08,-4.760589352941323E+07, 0.000000000000000E+00, 7.889847384488860E+00,-2.593583150856524E+01, 0.000000000000000E+00,
-1.438876690320363E+07,-1.476204841756783E+08,-8.209782436577443E+07, 0.000000000000000E+00, 1.381716849833956E+01,-2.345716392387847E+01, 0.000000000000000E+00,
-1.352476690320363E+07,-1.342031924127846E+08,-1.014494339124615E+08, 0.000000000000000E+00, 1.719465286508813E+01,-2.125656390589389E+01, 0.000000000000000E+00,
-1.266076690320363E+07,-1.179982913059758E+08,-1.186921396392828E+08, 0.000000000000000E+00, 2.025904694895983E+01,-1.858042088766090E+01, 0.000000000000000E+00,
-1.179676690320363E+07,-9.930462294855685E+07,-1.334290924560785E+08, 0.000000000000000E+00, 2.294475361741204E+01,-1.546252200523342E+01, 0.000000000000000E+00,
-1.093276690320363E+07,-7.847765439291408E+07,-1.452962828209058E+08, 0.000000000000000E+00, 2.518640977779892E+01,-1.194532419931279E+01, 0.000000000000000E+00,
-1.006876690320363E+07,-5.592889924247218E+07,-1.539706349206230E+08, 0.000000000000000E+00, 2.691984817854665E+01,-8.081365600634556E+00, 0.000000000000000E+00,
-9.204766903203631E+06,-3.212425655353520E+07,-1.591793372228030E+08, 0.000000000000000E+00, 2.808365979279335E+01,-3.934690292003163E+00, 0.000000000000000E+00,
-8.340766903203631E+06,-7.580704442555466E+06,-1.607103447089076E+08, 0.000000000000000E+00, 2.862145383628471E+01, 4.179012115148937E-01, 0.000000000000000E+00,
-7.476766903203631E+06, 1.713928349841540E+07,-1.584237958437789E+08, 0.000000000000000E+00, 2.848487395841635E+01, 4.886034078394152E+00, 0.000000000000000E+00,
-6.612766903203631E+06, 4.143625331759896E+07,-1.522638341936929E+08, 0.000000000000000E+00, 2.763735799641271E+01, 9.365698895551942E+00, 0.000000000000000E+00,
-5.748766903203631E+06, 6.468581597022878E+07,-1.422700258702274E+08, 0.000000000000000E+00, 2.605851736120122E+01, 1.374030644418378E+01, 0.000000000000000E+00,
-4.884766903203631E+06, 8.625464666431345E+07,-1.285872653847918E+08, 0.000000000000000E+00, 2.374884361691384E+01, 1.788317907263480E+01, 0.000000000000000E+00,
-4.020766903203631E+06, 1.055205072125100E+08,-1.114728151709683E+08, 0.000000000000000E+00, 2.073419952695569E+01, 2.166173721229910E+01, 0.000000000000000E+00,
-3.156766903203631E+06, 1.218957710093275E+08,-9.129887445496017E+07, 0.000000000000000E+00, 1.706928562627147E+01, 2.494375245779156E+01, 0.000000000000000E+00,
-2.292766903203631E+06, 1.348531656066744E+08,-6.854853992978987E+07, 0.000000000000000E+00, 1.283913951557922E+01, 2.760666872291033E+01, 0.000000000000000E+00,
-1.428766903203631E+06, 1.439514698884483E+08,-4.380113108687802E+07, 0.000000000000000E+00, 8.157084343070949E+00, 2.955445688580219E+01, 0.000000000000000E+00,
-5.647669032036310E+05, 1.488549731132802E+08,-1.768838242746673E+07, 0.000000000000000E+00, 3.146720226677810E+00, 3.078990955611429E+01, 0.000000000000000E+00,
-5.616000000000000E+05, 1.488649085493696E+08,-1.759086798801922E+07, 0.000000000000000E+00, 3.127822546514739E+00, 3.079355740227985E+01, 0.000000000000000E+00,
-5.184000000000000E+05, 1.489944548799870E+08,-1.625951085239247E+07, 0.000000000000000E+00, 2.869532317174242E+00, 3.084338113050173E+01, 0.000000000000000E+00,
-4.752000000000000E+05, 1.491128213582240E+08,-1.492599321866096E+07, 0.000000000000000E+00, 2.610213830733352E+00, 3.089367114064861E+01, 0.000000000000000E+00,
-4.320000000000000E+05, 1.492199601867302E+08,-1.359028192897713E+07, 0.000000000000000E+00, 2.349700640398031E+00, 3.094506159892834E+01, 0.000000000000000E+00,
-3.888000000000000E+05, 1.493158148546335E+08,-1.225231171875829E+07, 0.000000000000000E+00, 2.087750325805262E+00, 3.099842041519870E+01, 0.000000000000000E+00,
-3.456000000000000E+05, 1.494003159957501E+08,-1.091197268501827E+07, 0.000000000000000E+00, 1.824000656946461E+00, 3.105497262383709E+01, 0.000000000000000E+00,
-3.024000000000000E+05, 1.494733746841285E+08,-9.569090674629890E+06, 0.000000000000000E+00, 1.557890769506565E+00, 3.111651469319447E+01, 0.000000000000000E+00,
-2.592000000000000E+05, 1.495348709458853E+08,-8.223394942564959E+06, 0.000000000000000E+00, 1.288509105873783E+00, 3.118581187241395E+01, 0.000000000000000E+00,
-2.160000000000000E+05, 1.495846325851858E+08,-6.874461132403482E+06, 0.000000000000000E+00, 1.014272352034230E+00, 3.126739917263467E+01, 0.000000000000000E+00,
-1.728000000000000E+05, 1.496223921763769E+08,-5.521601438644489E+06, 0.000000000000000E+00, 7.321603130650306E-01, 3.136938671610865E+01, 0.000000000000000E+00,
-1.296000000000000E+05, 1.496476868862512E+08,-4.163625077510563E+06, 0.000000000000000E+00, 4.355496569466418E-01, 3.150822535529668E+01, 0.000000000000000E+00,
-8.640000000000000E+04, 1.496595702291050E+08,-2.798207013196496E+06, 0.000000000000000E+00, 1.061722340724778E-01, 3.172479135174504E+01, 0.000000000000000E+00,
-4.320000000000000E+04, 1.496553879190077E+08,-1.419548515139418E+06, 0.000000000000000E+00,-3.362125704165418E-01, 3.217055137803419E+01, 0.000000000000000E+00,
 0.000000000000000E+00, 1.495980230000000E+08, 6.371220000000000E+03, 0.000000000000000E+00,-1.121388039892867E+01, 2.978472005078205E+01, 0.000000000000000E+00,
 4.320000000000000E+04, 1.495295911809610E+08, 1.153819571649660E+06, 0.000000000000000E+00,-8.485658323075497E-01, 2.739668559004331E+01, 0.000000000000000E+00,
 8.640000000000000E+04, 1.494922090045169E+08, 2.348338816012924E+06, 0.000000000000000E+00,-9.184957343438254E-01, 2.783583659689632E+01, 0.000000000000000E+00,
 1.296000000000000E+05, 1.494487620071074E+08, 3.555717828408619E+06, 0.000000000000000E+00,-1.101356225738443E+00, 2.804138833242372E+01, 0.000000000000000E+00,
 1.728000000000000E+05, 1.493966000434169E+08, 4.769967591320685E+06, 0.000000000000000E+00,-1.316868594562337E+00, 2.816480842565531E+01, 0.000000000000000E+00,
 2.160000000000000E+05, 1.493347824126427E+08, 5.988572830426618E+06, 0.000000000000000E+00,-1.546726659250262E+00, 2.824697442468551E+01, 0.000000000000000E+00,
 2.592000000000000E+05, 1.492628537083891E+08, 7.210152586173652E+06, 0.000000000000000E+00,-1.784269103815733E+00, 2.830433880019303E+01, 0.000000000000000E+00,
 3.024000000000000E+05, 1.491805555717999E+08, 8.433828954354837E+06, 0.000000000000000E+00,-2.026437791526021E+00, 2.834501362415924E+01, 0.000000000000000E+00,
 3.456000000000000E+05, 1.490877265120481E+08, 9.658987571222491E+06, 0.000000000000000E+00,-2.271611506995237E+00, 2.837353618835004E+01, 0.000000000000000E+00,
 3.888000000000000E+05, 1.489842588967227E+08, 1.088516779007732E+07, 0.000000000000000E+00,-2.518840831853849E+00, 2.839267435265301E+01, 0.000000000000000E+00,
 4.320000000000000E+05, 1.488700777760325E+08, 1.211200567602045E+07, 0.000000000000000E+00,-2.767527082819237E+00, 2.840422752542429E+01, 0.000000000000000E+00,
 4.752000000000000E+05, 1.487451293927997E+08, 1.333920167839803E+07, 0.000000000000000E+00,-3.017270254456702E+00, 2.840942400940397E+01, 0.000000000000000E+00,
 5.184000000000000E+05, 1.486093744760788E+08, 1.456650103322869E+07, 0.000000000000000E+00,-3.267790196621263E+00, 2.840913531023284E+01, 0.000000000000000E+00,
 5.616000000000000E+05, 1.484627840973450E+08, 1.579368124565895E+07, 0.000000000000000E+00,-3.518882780707193E+00, 2.840399951635487E+01, 0.000000000000000E+00,
 5.647840701037648E+05, 1.484515502359275E+08, 1.588412069176894E+07, 0.000000000000000E+00,-3.537407843502880E+00, 2.840344309769308E+01, 0.000000000000000E+00,
 1.428784070103765E+06, 1.432206170988698E+08, 4.016745594931699E+07, 0.000000000000000E+00,-8.560255428372221E+00, 2.762227624379126E+01, 0.000000000000000E+00,
 2.292784070103765E+06, 1.337076941731751E+08, 6.333940866247922E+07, 0.000000000000000E+00,-1.341926096986666E+01, 2.586771113599184E+01, 0.000000000000000E+00,
 3.156784070103765E+06, 1.201238221183042E+08, 8.461864595113199E+07, 0.000000000000000E+00,-1.796003489938986E+01, 2.325054190186675E+01, 0.000000000000000E+00,
 4.020784070103765E+06, 1.028052308022241E+08, 1.032834803793675E+08, 0.000000000000000E+00,-2.204076416349318E+01, 1.982526876217583E+01, 0.000000000000000E+00,
 4.884784070103765E+06, 8.221097723806204E+07, 1.186626111880775E+08, 0.000000000000000E+00,-2.551872996363513E+01, 1.565740439165682E+01, 0.000000000000000E+00,
 5.748784070103765E+06, 5.892351990589344E+07, 1.301510281946104E+08, 0.000000000000000E+00,-2.825151721988094E+01, 1.083622217441646E+01, 0.000000000000000E+00,
 6.612784070103765E+06, 3.364670334363416E+07, 1.372335059035471E+08, 0.000000000000000E+00,-3.010155121435975E+01, 5.481130979798294E+00, 0.000000000000000E+00,
 7.476784070103765E+06, 7.198556978190455E+06, 1.395125693373644E+08, 0.000000000000000E+00,-3.094359385407194E+01,-2.541725402690943E-01, 0.000000000000000E+00,
 8.340784070103765E+06,-1.950368470687278E+07, 1.367391659117809E+08, 0.000000000000000E+00,-3.067521773936521E+01,-6.179716393074890E+00, 0.000000000000000E+00,
 9.204784070103765E+06,-4.546873211302661E+07, 1.288437054701781E+08, 0.000000000000000E+00,-2.922973212684947E+01,-1.207065475993731E+01, 0.000000000000000E+00,
 1.006878407010376E+07,-6.966819797527682E+07, 1.159638259612289E+08, 0.000000000000000E+00,-2.659030712532423E+01,-1.767371201471248E+01, 0.000000000000000E+00,
 1.093278407010376E+07,-9.108552279878829E+07, 9.846393109614497E+07, 0.000000000000000E+00,-2.280310585536904E+01,-2.271991952902507E+01, 0.000000000000000E+00,
 1.179678407010376E+07,-1.087747371489983E+08, 7.694090924614727E+07, 0.000000000000000E+00,-1.798636341765576E+01,-2.694375471343551E+01, 0.000000000000000E+00,
 1.266078407010376E+07,-1.219241076646593E+08, 5.221106470243076E+07, 0.000000000000000E+00,-1.233208996888751E+01,-3.010705710876942E+01, 0.000000000000000E+00,
 1.352478407010376E+07,-1.299171130826022E+08, 2.527553410144672E+07, 0.000000000000000E+00,-6.097908970461771E+00,-3.202418328494042E+01, 0.000000000000000E+00,
 1.438878407010376E+07,-1.323818505568735E+08,-2.734834318103926E+06, 0.000000000000000E+00, 4.114163763917560E-01,-3.258353316584665E+01, 0.000000000000000E+00,
 1.577909912354596E+07,-1.246041037742818E+08,-4.706301075914292E+07, 0.000000000000000E+00, 1.064437536784900E+01,-3.060579986241551E+01, 0.000000000000000E+00,
